3.999364279482e+00  
3.999364279482e+00  
3.999364279482e+00 
3.464101615138e+00    
3.464101615138e+00   
3.464101615138e+00   
3.464101615138e+00   
3.464101615138e+00   
3.464101615138e+00   
3.999364279482e+00  
3.999364279482e+00    
3.999364279482e+00   
3.464101615138e+00   
3.464101615138e+00  
3.464101615138e+00   
3.464101615138e+00    
3.464101615138e+00   
3.464101615138e+00   
3.464101615138e+00   
3.464101615138e+00    
3.464101615138e+00    
3.464101615138e+00   
3.464101615138e+00   
3.464101615138e+00  
1.003904894400e+00  
1.003904894400e+00    
1.003904894400e+00   
1.003904894400e+00   
1.003904894400e+00  
1.003904894400e+00  
1.003904894400e+00 
1.003904894400e+00  
1.003904894400e+00   
1.003904894400e+00   
1.003904894400e+00   
1.003904894400e+00 
1.003904894400e+00    
1.003904894400e+00   
1.003904894400e+00
