  6.303032126000e+00
  0.000000000000e+00
  0.000000000000e+00
  0.000000000000e+00
  9.800281065685e+00
  0.000000000000e+00
  1.108495685460e+01
  1.049895819278e+01
  0.000000000000e+00
  1.680547912415e+01
  0.000000000000e+00
  0.000000000000e+00
  1.138851522650e+01
  0.000000000000e+00
  0.000000000000e+00
  1.276464739625e+01
  7.572940552703e+00
  6.923011205631e+00
  6.027980447508e+00
  0.000000000000e+00
  8.819367927754e+00
  9.127025794387e+00
  1.165342622261e+01
  1.217066980845e+01
  1.119684525039e+01
  2.032523711725e+01
  1.606000175502e+01
  1.825444960201e+01
  8.041351065631e+00
  1.006396772390e+01
  1.011901268392e+01
  1.016220568483e+01
  1.020070887550e+01
